data.node = [
      1,           1.,           1.,           2.
      2,           1.,         0.75,           2.
      3,           1.,          0.5,           2.
      4,           1.,         0.25,           2.
      5,           1.,           0.,           2.
      6,           1.,        -0.25,           2.
      7,           1.,         -0.5,           2.
      8,           1.,        -0.75,           2.
      9,           1.,          -1.,           2.
     10,           1.,           1.,         1.75
     11,           1.,         0.75,         1.75
     12,           1.,          0.5,         1.75
     13,           1.,         0.25,         1.75
     14,           1.,           0.,         1.75
     15,           1.,        -0.25,         1.75
     16,           1.,         -0.5,         1.75
     17,           1.,        -0.75,         1.75
     18,           1.,          -1.,         1.75
     19,           1.,           1.,          1.5
     20,           1.,         0.75,          1.5
     21,           1.,          0.5,          1.5
     22,           1.,         0.25,          1.5
     23,           1.,           0.,          1.5
     24,           1.,        -0.25,          1.5
     25,           1.,         -0.5,          1.5
     26,           1.,        -0.75,          1.5
     27,           1.,          -1.,          1.5
     28,           1.,           1.,         1.25
     29,           1.,         0.75,         1.25
     30,           1.,          0.5,         1.25
     31,           1.,         0.25,         1.25
     32,           1.,           0.,         1.25
     33,           1.,        -0.25,         1.25
     34,           1.,         -0.5,         1.25
     35,           1.,        -0.75,         1.25
     36,           1.,          -1.,         1.25
     37,           1.,           1.,           1.
     38,           1.,         0.75,           1.
     39,           1.,          0.5,           1.
     40,           1.,         0.25,           1.
     41,           1.,           0.,           1.
     42,           1.,        -0.25,           1.
     43,           1.,         -0.5,           1.
     44,           1.,        -0.75,           1.
     45,           1.,          -1.,           1.
     46,           1.,           1.,         0.75
     47,           1.,         0.75,         0.75
     48,           1.,          0.5,         0.75
     49,           1.,         0.25,         0.75
     50,           1.,           0.,         0.75
     51,           1.,        -0.25,         0.75
     52,           1.,         -0.5,         0.75
     53,           1.,        -0.75,         0.75
     54,           1.,          -1.,         0.75
     55,           1.,           1.,          0.5
     56,           1.,         0.75,          0.5
     57,           1.,          0.5,          0.5
     58,           1.,         0.25,          0.5
     59,           1.,           0.,          0.5
     60,           1.,        -0.25,          0.5
     61,           1.,         -0.5,          0.5
     62,           1.,        -0.75,          0.5
     63,           1.,          -1.,          0.5
     64,           1.,           1.,         0.25
     65,           1.,         0.75,         0.25
     66,           1.,          0.5,         0.25
     67,           1.,         0.25,         0.25
     68,           1.,           0.,         0.25
     69,           1.,        -0.25,         0.25
     70,           1.,         -0.5,         0.25
     71,           1.,        -0.75,         0.25
     72,           1.,          -1.,         0.25
     73,           1.,           1.,           0.
     74,           1.,         0.75,           0.
     75,           1.,          0.5,           0.
     76,           1.,         0.25,           0.
     77,           1.,           0.,           0.
     78,           1.,        -0.25,           0.
     79,           1.,         -0.5,           0.
     80,           1.,        -0.75,           0.
     81,           1.,          -1.,           0.
     82,         0.75,           1.,           2.
     83,         0.75,         0.75,           2.
     84,         0.75,          0.5,           2.
     85,         0.75,         0.25,           2.
     86,         0.75,           0.,           2.
     87,         0.75,        -0.25,           2.
     88,         0.75,         -0.5,           2.
     89,         0.75,        -0.75,           2.
     90,         0.75,          -1.,           2.
     91,         0.75,           1.,         1.75
     92,         0.75,         0.75,         1.75
     93,         0.75,          0.5,         1.75
     94,         0.75,         0.25,         1.75
     95,         0.75,           0.,         1.75
     96,         0.75,        -0.25,         1.75
     97,         0.75,         -0.5,         1.75
     98,         0.75,        -0.75,         1.75
     99,         0.75,          -1.,         1.75
    100,         0.75,           1.,          1.5
    101,         0.75,         0.75,          1.5
    102,         0.75,          0.5,          1.5
    103,         0.75,         0.25,          1.5
    104,         0.75,           0.,          1.5
    105,         0.75,        -0.25,          1.5
    106,         0.75,         -0.5,          1.5
    107,         0.75,        -0.75,          1.5
    108,         0.75,          -1.,          1.5
    109,         0.75,           1.,         1.25
    110,         0.75,         0.75,         1.25
    111,         0.75,          0.5,         1.25
    112,         0.75,         0.25,         1.25
    113,         0.75,           0.,         1.25
    114,         0.75,        -0.25,         1.25
    115,         0.75,         -0.5,         1.25
    116,         0.75,        -0.75,         1.25
    117,         0.75,          -1.,         1.25
    118,         0.75,           1.,           1.
    119,         0.75,         0.75,           1.
    120,         0.75,          0.5,           1.
    121,         0.75,         0.25,           1.
    122,         0.75,           0.,           1.
    123,         0.75,        -0.25,           1.
    124,         0.75,         -0.5,           1.
    125,         0.75,        -0.75,           1.
    126,         0.75,          -1.,           1.
    127,         0.75,           1.,         0.75
    128,         0.75,         0.75,         0.75
    129,         0.75,          0.5,         0.75
    130,         0.75,         0.25,         0.75
    131,         0.75,           0.,         0.75
    132,         0.75,        -0.25,         0.75
    133,         0.75,         -0.5,         0.75
    134,         0.75,        -0.75,         0.75
    135,         0.75,          -1.,         0.75
    136,         0.75,           1.,          0.5
    137,         0.75,         0.75,          0.5
    138,         0.75,          0.5,          0.5
    139,         0.75,         0.25,          0.5
    140,         0.75,           0.,          0.5
    141,         0.75,        -0.25,          0.5
    142,         0.75,         -0.5,          0.5
    143,         0.75,        -0.75,          0.5
    144,         0.75,          -1.,          0.5
    145,         0.75,           1.,         0.25
    146,         0.75,         0.75,         0.25
    147,         0.75,          0.5,         0.25
    148,         0.75,         0.25,         0.25
    149,         0.75,           0.,         0.25
    150,         0.75,        -0.25,         0.25
    151,         0.75,         -0.5,         0.25
    152,         0.75,        -0.75,         0.25
    153,         0.75,          -1.,         0.25
    154,         0.75,           1.,           0.
    155,         0.75,         0.75,           0.
    156,         0.75,          0.5,           0.
